1,1,0
1,2,16
1,3,46
1,4,48
1,5,56
1,6,64
1,7,82
3,8,0
3,9,2
3,10,6
3,11,10
3,12,12
3,13,16
3,14,18
3,15,22
3,16,24
3,17,26
3,18,30
3,19,33
3,20,63
3,21,73
3,22,77
3,23,79
3,24,95
3,25,125
3,26,155
3,27,185
3,28,189
3,29,195
3,30,201
3,31,207
3,32,213
3,33,217
3,34,223
3,35,229
3,36,235
3,37,241
3,38,247
3,39,251
3,40,257
3,41,263
3,42,269
3,43,275
3,44,281
3,45,287
4,8,0
4,9,2
4,10,6
4,11,10
4,12,12
4,13,16
4,14,18
4,15,22
4,16,24
4,17,26
4,18,30
4,19,33
4,20,63
4,21,73
4,22,77
4,23,79
4,24,95
4,25,125
4,26,155
4,27,185
4,28,189
4,29,195
4,30,201
4,31,207
4,32,213
4,33,217
4,34,223
4,35,229
4,36,235
4,37,241
4,38,247
4,39,251
4,40,257
4,41,263
4,42,269
4,43,275
4,44,281
4,45,287
4,46,290
4,47,310
4,48,330
4,49,336
4,50,342
4,51,344
5,8,0
5,9,2
5,10,6
5,11,10
5,12,12
5,13,16
5,14,18
5,15,22
5,16,24
5,17,26
5,18,30
5,19,33
5,20,63
5,21,73
5,22,77
5,23,79
5,24,95
5,25,125
5,26,155
5,27,185
5,28,189
5,29,195
5,30,201
5,31,207
5,32,213
5,33,217
5,34,223
5,35,229
5,36,235
5,37,241
5,38,247
5,39,251
5,40,257
5,41,263
5,42,269
5,43,275
5,44,281
5,45,287
5,46,290
5,47,310
5,48,330
5,49,336
5,50,342
5,51,344
6,8,0
6,9,2
6,10,6
6,11,10
6,12,12
6,13,16
6,14,18
6,15,22
6,16,24
6,17,26
6,18,30
6,19,33
6,20,63
6,21,73
6,22,77
6,23,79
6,24,95
6,25,125
6,26,155
6,27,185
6,28,189
6,29,195
6,30,201
6,31,207
6,32,213
6,33,217
6,34,223
6,35,229
6,36,235
6,37,241
6,38,247
6,39,251
6,40,257
6,41,263
6,42,269
6,43,275
6,44,281
6,45,287
6,46,290
6,47,310
6,48,330
6,49,336
6,50,342
6,51,344
7,52,0
7,53,2
7,54,4
7,55,6
